121.2
13.5
3.4
111.9
32.4
1.1
24.2
52.1
23.1
22.9
12.8
65.5
10.4
213.9
95.4
109.5
7.3
124.9
132.3
106.2
27.6
17.0
194.8
8.2
67.8
95.5
54.9
43.9
65.7
154.0
4.9
17.0
22.4
76.4
1.5
137.6
49.5
108.1
184.9
86.2
43.0
81.2
163.3
121.7
77.1
77.0
151.5
137.1
37.8
75.7
52.6
102.8
191.0
160.0
37.0
119.2
39.8
38.9
97.5
75.9
92.7
95.4
94.3
122.5
67.8
66.3
32.0
177.4
35.4
4.8
49.5
14.0
74.0
60.1
118.5
41.9
59.5
85.7
38.2
53.5
186.7
125.6
4.1
121.7
79.3
41.8
118.3
99.2
14.2
86.2
59.8
5.4
29.3
52.9
30.2
31.2
134.9
123.4
33.4
154.9
84.6
89.0
85.7
19.4
44.0
66.0
58.7
22.1
3.8
39.8
133.6
81.9
78.5
155.1
129.8
19.6
93.6
22.2
108.8
35.0
73.4
31.9
10.5
171.3
14.3
34.5
326.2
137.4
134.6
158.9
11.7
83.6
93.6
42.6
28.9
56.7
10.8
52.1
83.5
32.9
63.6
80.7
73.1
15.6
26.2
105.1
33.6
67.4
6.3
11.6
119.9
4.9
113.8
116.4
153.5
41.2
93.8
23.7
106.5
218.8
28.3
123.8
39.3
109.9
111.6
65.1
7.6
163.0
205.7